2018/8/12 15:18:19.252812 casper [ERROR] Thread ID: 5116
2018/8/12 15:18:19.252584 casper [ERROR] Thread ID: 660
2018/8/12 15:18:19.253041 casper [ERROR] Thread ID: 7068
2018/8/12 15:18:19.252465 casper [ERROR] Thread ID: 5392
2018/8/12 15:18:19.268243 casper [WARN] Thread ID: 5116
2018/8/12 15:18:19.270289 casper [WARN] Thread ID: 660
2018/8/12 15:18:19.271209 casper [WARN] Thread ID: 7068
2018/8/12 15:18:19.273657 casper [WARN] Thread ID: 5392
2018/8/12 15:18:19.281238 casper [INFO] Thread ID: 5116
2018/8/12 15:18:19.283236 casper [INFO] Thread ID: 660
2018/8/12 15:18:19.287159 casper [INFO] Thread ID: 7068
2018/8/12 15:18:19.288202 casper [INFO] Thread ID: 5392
2018/8/12 15:18:19.294188 casper [DEBUG] Thread ID: 5116
2018/8/12 15:18:19.299198 casper [DEBUG] Thread ID: 7068
2018/8/12 15:18:19.301207 casper [DEBUG] Thread ID: 5392
2018/8/12 15:18:19.295194 casper [DEBUG] Thread ID: 660
2018/8/12 15:18:19.326250 casper [TRACE] Thread ID: 5392
2018/8/12 15:18:19.326249 casper [TRACE] Thread ID: 660
2018/8/12 15:18:19.326658 casper [TRACE] Thread ID: 5116
2018/8/12 15:18:19.326658 casper [TRACE] Thread ID: 7068
2018/8/12 15:18:19.340344casper [User Defined] Thread ID: 5392
2018/8/12 15:18:19.344880casper [User Defined] Thread ID: 5116
2018/8/12 15:18:19.342235casper [User Defined] Thread ID: 660
2018/8/12 15:18:19.376521 casper [ERROR] Thread ID: 5392
2018/8/12 15:18:19.361197 casper [ERROR] Thread ID: 5116
2018/8/12 15:18:19.346189casper [User Defined] Thread ID: 7068
2018/8/12 15:18:19.401183 casper [ERROR] Thread ID: 7068
2018/8/12 15:18:19.397169 casper [ERROR] Thread ID: 660
2018/8/12 15:18:19.399167 casper [WARN] Thread ID: 5392
2018/8/12 15:18:19.401932 casper [WARN] Thread ID: 5116
2018/8/12 15:18:19.437170 casper [WARN] Thread ID: 7068
2018/8/12 15:18:19.440556 casper [INFO] Thread ID: 5392
2018/8/12 15:18:19.451133 casper [INFO] Thread ID: 7068
2018/8/12 15:18:19.440966 casper [WARN] Thread ID: 660
2018/8/12 15:18:19.443933 casper [INFO] Thread ID: 5116
2018/8/12 15:18:19.460161 casper [DEBUG] Thread ID: 5392
2018/8/12 15:18:19.478270 casper [DEBUG] Thread ID: 7068
2018/8/12 15:18:19.483638 casper [TRACE] Thread ID: 5392
2018/8/12 15:18:19.477139 casper [INFO] Thread ID: 660
2018/8/12 15:18:19.483159 casper [DEBUG] Thread ID: 5116
2018/8/12 15:18:19.524115 casper [TRACE] Thread ID: 5116
2018/8/12 15:18:19.524529 casper [DEBUG] Thread ID: 660
2018/8/12 15:18:19.525321casper [User Defined] Thread ID: 5392
2018/8/12 15:18:19.513728 casper [TRACE] Thread ID: 7068
2018/8/12 15:18:19.544219casper [User Defined] Thread ID: 5116
2018/8/12 15:18:19.549106casper [User Defined] Thread ID: 7068
2018/8/12 15:18:19.546102 casper [TRACE] Thread ID: 660
2018/8/12 15:18:19.575063casper [User Defined] Thread ID: 660
2018/8/12 15:18:48.032959 casper [ERROR] Thread ID: 5848
2018/8/12 15:18:48.036777 casper [ERROR] Thread ID: 9648
2018/8/12 15:18:48.039379 casper [ERROR] Thread ID: 3976
2018/8/12 15:18:48.050422 casper [WARN] Thread ID: 5848
2018/8/12 15:18:48.041504 casper [ERROR] Thread ID: 9392
2018/8/12 15:18:48.054706 casper [WARN] Thread ID: 9648
2018/8/12 15:18:48.064392 casper [WARN] Thread ID: 9392
2018/8/12 15:18:48.064392 casper [INFO] Thread ID: 5848
2018/8/12 15:18:48.062394 casper [WARN] Thread ID: 3976
2018/8/12 15:18:48.072358 casper [INFO] Thread ID: 9648
2018/8/12 15:18:48.081996 casper [INFO] Thread ID: 9392
2018/8/12 15:18:48.085478 casper [DEBUG] Thread ID: 9648
2018/8/12 15:18:48.081395 casper [DEBUG] Thread ID: 5848
2018/8/12 15:18:48.081395 casper [INFO] Thread ID: 3976
2018/8/12 15:18:48.106991 casper [TRACE] Thread ID: 9648
2018/8/12 15:18:48.106680 casper [DEBUG] Thread ID: 3976
2018/8/12 15:18:48.106943 casper [TRACE] Thread ID: 5848
2018/8/12 15:18:48.104498 casper [DEBUG] Thread ID: 9392
2018/8/12 15:18:48.195323 casper [TRACE] Thread ID: 3976
2018/8/12 15:18:48.195781 casper [User Defined] Thread ID: 9648
2018/8/12 15:18:48.195352 casper [User Defined] Thread ID: 5848
2018/8/12 15:18:48.195328 casper [TRACE] Thread ID: 9392
2018/8/12 15:18:48.242780 casper [User Defined] Thread ID: 9392
2018/8/12 15:18:48.247006 casper [ERROR] Thread ID: 9648
2018/8/12 15:18:48.234310 casper [User Defined] Thread ID: 3976
2018/8/12 15:18:48.263256 casper [ERROR] Thread ID: 9392
2018/8/12 15:18:48.243195 casper [ERROR] Thread ID: 5848
2018/8/12 15:18:48.288237 casper [ERROR] Thread ID: 3976
2018/8/12 15:18:48.290243 casper [WARN] Thread ID: 9392
2018/8/12 15:18:48.290242 casper [WARN] Thread ID: 5848
2018/8/12 15:18:48.288237 casper [WARN] Thread ID: 9648
2018/8/12 15:18:48.307232 casper [WARN] Thread ID: 3976
2018/8/12 15:18:48.311234 casper [INFO] Thread ID: 9648
2018/8/12 15:18:48.309321 casper [INFO] Thread ID: 9392
2018/8/12 15:18:48.311233 casper [INFO] Thread ID: 5848
2018/8/12 15:18:48.333489 casper [INFO] Thread ID: 3976
2018/8/12 15:18:48.347220 casper [DEBUG] Thread ID: 9648
2018/8/12 15:18:48.346183 casper [DEBUG] Thread ID: 9392
2018/8/12 15:18:48.346183 casper [DEBUG] Thread ID: 5848
2018/8/12 15:18:48.361534 casper [DEBUG] Thread ID: 3976
2018/8/12 15:18:48.366188 casper [TRACE] Thread ID: 5848
2018/8/12 15:18:48.366188 casper [TRACE] Thread ID: 9392
2018/8/12 15:18:48.366190 casper [TRACE] Thread ID: 9648
2018/8/12 15:18:48.379269 casper [User Defined] Thread ID: 5848
2018/8/12 15:18:48.374192 casper [TRACE] Thread ID: 3976
2018/8/12 15:18:48.382221 casper [User Defined] Thread ID: 9392
2018/8/12 15:18:48.384192 casper [User Defined] Thread ID: 9648
2018/8/12 15:18:48.414177 casper [User Defined] Thread ID: 3976
